898 1660 4980 996 859 2109 2773 1679 1484 1113 957 1015 1523 1855 2500 2500
2500 1679 4980 996 878 2109 2792 1699 1484 1132 976 1015 1542 1914 2128 1894
937 1699 4980 976 859 2128 2773 1660 1484 1113 976 1015 1503 1855 2109 1894
898 1679 4980 976 859 2089 2773 1660 2500 2500 2500 2500 2500 2500 2500 2500
878 1679 4980 976 859 2070 2753 1660 1464 1093 957 1035 1484 1835 2070 1894
878 1640 4960 996 878 2109 2773 1660 1464 1093 957 1015 1484 1835 2070 1875
898 1660 4980 957 878 2109 2773 1660 1464 1093 937 1015 1484 1875 2070 1875
898 1699 4980 976 878 2089 2792 1640 1464 1132 937 1015 1484 1855 2089 1855
937 1699 4960 996 878 2109 2792 1679 1445 1093 937 1035 1503 1875 2089 1855
917 1640 4980 996 878 2089 2792 1679 1503 1113 996 1054 1542 1894 2089 1894
917 1640 4980 976 878 2089 2773 1660 2500 2500 2500 2500 2500 2500 2500 2500
2500 2500 2500 2500 2500 2500 2500 2500 2500 2500 2500 2500 2500 2500 2500 2500
2500 2500 2500 2500 2500 2500 2500 2500 2500 2500 2500 2500 2500 2500 2500 2500
2500 2500 2500 2500 2500 2500 2500 2500 2500 2500 2500 2500 2500 2500 2500 2500
2500 2500 2500 2500 2500 2500 2500 2500 2500 1132 976 1035 1562 1953 2148 1894
937 1660 4980 996 878 2089 2500 2500 2500 2500 2500 2500 2500 2500 2500 2500
898 1679 4960 996 859 2109 2812 1699 1503 1152 976 1015 1562 1933 2128 1875
937 1699 4980 1015 878 2128 2832 1699 1503 1093 937 1015 1542 1914 2500 2500
859 1679 4980 976 878 2109 2792 1699 1503 1152 957 1015 1542 1914 2109 1894
2500 2500 2500 2500 2500 2500 2500 1699 1503 1132 996 1054 1582 1972 2148 1914
898 1699 4980 976 898 2128 2792 1699 1484 1152 957 1015 1523 1933 2128 1894
917 1679 4980 976 898 2109 2792 1679 1503 1152 996 1015 1542 1933 2109 1894
878 1679 4980 1015 878 2128 2832 1679 1503 1152 996 1015 1562 1953 2128 1894
937 1699 4980 976 878 2128 2792 1699 1503 1132 996 1035 1562 1953 2128 1914
917 1679 4980 2500 2500 2500 2500 2500 2500 2500 2500 2500 2500 2500 2500 2500
898 1699 4980 996 859 2128 2832 1718 1484 1132 957 1035 1562 1953 2148 1914
937 2500 2500 2500 2500 2500 2500 2500 2500 2500 2500 2500 2500 2500 2500 2500
898 1699 4980 996 859 2089 2832 1699 1484 1152 996 1035 1582 1972 2148 1894
937 1699 4960 976 859 2128 2812 1718 1503 1132 996 1054 1582 1972 2128 1875
917 1699 4960 996 859 2128 2832 1718 1484 1132 976 1035 1582 1972 2148 1914
937 1699 4980 1015 878 2109 2832 1718 1523 1152 996 1054 1582 1972 2148 1914
957 1699 4960 1035 859 2109 2832 1718 1523 1152 996 1054 1582 1972 2148 1914
2500 2500 2500 2500 2500 2500 2500 2500 2500 2500 2500 2500 1601 1992 2167 1914
917 1699 4960 1035 859 2109 2832 1718 1503 1113 996 1054 1562 1992 2167 1914
917 1679 4980 996 878 2128 2832 1718 1484 1113 976 1054 1582 1972 2128 1894
2500 2500 2500 2500 2500 2500 2500 2500 2500 2500 2500 2500 2500 2500 2500 2500
2500 2500 2500 2500 2500 2500 2500 2500 2500 2500 2500 2500 2500 2500 2500 2500
937 1718 4980 1015 898 2109 2832 1699 1484 1132 996 1054 1582 1972 2148 1914
898 1699 4980 1035 878 2109 2832 1738 1484 1113 976 1015 1582 1972 2128 1894
937 2500 2500 2500 2500 2500 2500 2500 2500 2500 2500 2500 2500 2500 2500 2500
917 1699 4980 1015 878 2128 2812 1718 1503 1152 996 1054 1601 1992 2167 1914
937 1718 4980 1015 878 2128 2832 1738 1503 1152 996 1054 1601 1992 2167 1914
937 1718 4980 1035 859 2128 2851 1738 1503 1152 996 1054 1582 1992 2167 1914
937 1699 4980 1035 859 2109 2851 1718 1503 1152 996 1054 1601 1992 2167 1914
937 1699 4980 1015 878 2109 2832 1718 1484 1152 976 1035 1562 1992 2128 1914
898 1699 4960 1015 859 2128 2832 1718 1523 1152 996 1074 1562 1972 2148 1914
2500 2500 2500 2500 2500 2500 2500 2500 2500 2500 2500 2500 2500 2500 2500 2500
898 1738 4980 1015 878 2109 2832 1718 1484 1152 996 1054 1582 1992 2167 1914
898 1718 4980 1015 878 2128 2851 1738 1503 1152 996 1035 1601 1992 2167 1914
898 1699 4980 1015 859 2109 2832 1738 1523 1152 976 1015 1601 1972 2148 1914
937 1718 4980 1015 898 2128 2851 1718 1503 1152 996 1054 1601 1992 2167 1914
898 1738 4980 1015 859 2128 2832 1738 1503 1152 996 1054 1601 1992 2167 1914
898 1718 4980 1015 878 2128 2832 1718 1523 1171 996 1054 1601 1992 2167 1914
898 1699 4980 1035 859 2109 2832 1738 1503 1152 996 1054 1601 1992 2167 1914
957 1738 4980 1015 878 2128 2832 1738 1523 1152 996 1035 1562 1972 2148 1914
917 1699 4980 1035 898 2109 2832 1718 1523 1132 996 1074 1601 1992 2148 1894
917 1718 4960 1015 859 2109 2851 1718 1484 1152 996 1035 1582 1972 2148 1894
898 1738 4960 1035 898 2128 2851 1738 1484 1132 996 1035 1601 1992 2148 1914
2500 2500 2500 2500 2500 2500 2500 2500 2500 2500 2500 2500 2500 2500 2500 2500
937 1679 4960 1015 898 2109 2871 1738 1523 1152 996 1054 1601 1972 2148 1914
2500 2500 2500 2500 2500 2500 2500 2500 2500 2500 2500 2500 2500 2500 2500 1933
898 1738 4960 1035 878 2128 2851 1738 1503 1152 996 1054 1601 2011 2167 1914
917 1679 4980 1015 859 2128 2871 1718 1503 1132 996 1074 1582 1992 2148 1933
898 1738 4980 1015 878 2128 2851 1718 1523 1132 996 1074 1601 1972 2148 1914
937 1718 4980 1015 898 2109 2851 1738 1503 1152 996 1054 1582 1992 2167 1914
937 1679 4980 1035 859 2109 2871 1718 1484 1132 996 1054 1582 1992 2167 1914
917 1699 4980 1035 859 2128 2871 1738 1523 1171 976 1035 1601 2011 2167 1914
917 1699 4980 1035 859 2109 2851 1738 1484 1152 996 1074 1601 1992 2167 1933
898 1718 4960 1015 859 2128 2851 1718 1503 1152 976 1074 1601 1972 2167 1914
2500 2500 2500 2500 2500 2500 2500 2500 2500 2500 2500 2500 2500 2500 2500 2500
937 1738 4960 1035 878 2128 2871 1738 1523 1152 1015 1054 1601 1992 2167 1933
898 1738 4980 1035 859 2128 2851 1738 1503 1152 1015 1054 1601 2011 2167 1914
957 1679 4980 1015 859 2109 2871 1738 1523 1152 996 1054 1601 1992 2167 1914
937 1738 4960 1035 898 2128 2871 1757 1503 1152 996 1074 1601 1992 2167 1914
937 1718 4980 1035 878 2128 2871 1738 1484 1132 996 1054 1582 1992 2148 1933
917 1738 4980 1015 859 2128 2851 1718 1503 1132 996 1054 1601 1992 2167 1933
898 1738 4960 1035 859 2128 2871 1738 1484 1152 996 1074 1562 1992 2148 1933
957 1738 4980 1015 859 2109 2851 1718 1503 1171 976 1074 1562 1992 2167 1914
937 1718 4980 1035 859 2109 2871 1738 1503 1152 996 1054 1601 1992 2167 1933
917 1718 4980 1015 878 2128 2871 1757 1484 1152 996 1074 1582 2011 2148 1914
937 1718 4980 1015 859 2109 2851 1738 1484 1132 976 1074 1601 1992 2148 1933
937 1718 4980 1054 878 2128 2890 1738 1503 1152 996 1035 1562 2011 2167 1914
937 1718 4980 1035 937 2148 2871 1777 1523 1191 1015 1074 1640 2050 2187 1953
957 1718 4980 1015 859 2148 2871 1777 1484 1171 1035 1054 1601 2011 2187 1933
917 1718 4960 1015 859 2148 2871 1757 1523 1171 1015 1054 1601 2011 2167 1933
957 1738 4960 1015 898 2109 2871 2500 2500 2500 2500 2500 2500 2500 2500 2500
937 1718 4980 1035 898 2128 2871 1738 1503 1171 1015 1074 1601 2011 2167 1933
957 1718 4980 1015 917 2128 2871 1757 1542 1191 1015 1054 1601 2011 2167 1914
937 1718 4960 1054 878 2148 2890 1738 1503 1171 1015 1054 1582 2011 2167 1933
937 1738 4980 1015 878 2109 2890 1757 1503 1191 1035 1074 1601 2011 2167 1914
917 1718 4960 1035 859 2109 2890 1757 1523 1171 1015 1074 1621 1992 2167 1933
917 1738 4960 1015 859 2148 2890 1757 1523 1171 1015 1074 1621 2011 2167 1933
917 1718 4960 1035 859 2128 2890 1757 1484 1171 1035 1054 1601 2011 2167 1933
957 1738 4980 1015 859 2128 2890 1757 1523 1171 1015 1054 1601 2011 2167 1933
957 1718 4980 1015 859 2167 2890 1777 1523 1171 1015 1054 1621 2031 2187 1933
937 1738 4960 1035 898 2148 2871 1777 1523 1171 1035 1054 1582 2011 2167 1933
937 1718 4980 1054 878 2148 2890 1757 1542 1171 1015 1054 1582 2011 2167 1933
917 1738 4980 1035 917 2148 2871 1777 1503 1191 996 1035 1582 1992 2167 1914
917 1738 4980 1054 878 2148 2871 1777 1542 1152 1015 1074 1601 2011 2167 1933
957 1718 4980 1035 878 2128 2871 1757 1523 1171 1015 1074 1601 2011 2187 1933
957 1738 4960 1035 878 2128 2890 1777 1484 1171 1015 1054 1601 2011 2167 1953
898 1718 4960 1015 859 2148 2871 1757 1484 1171 1035 1074 1621 1992 2167 1933
957 1718 4980 1054 878 2109 2890 1757 1484 1152 1015 1074 1621 2011 2167 1933
937 1738 4960 1054 917 2148 2890 1757 1542 1191 1015 1074 1601 1992 2167 1933
917 1718 4960 1015 917 2109 2890 1757 1523 1171 1015 1074 1601 2011 2187 1933
957 2500 2500 2500 2500 2500 2500 2500 2500 2500 2500 2500 2500 2500 2500 2500
957 1738 4980 1035 917 2128 2910 1757 1503 1171 1035 1074 1601 2031 2187 1933
957 1738 4960 1015 878 2128 2890 1757 1503 1171 1035 1074 1582 2011 2167 1914
917 1718 4980 1015 878 2128 2871 1757 1523 1152 1015 1074 1582 1992 2167 1933
937 1738 4980 1015 898 2109 2890 1738 1542 1191 1035 1054 1601 1992 2167 1933
917 1718 4980 1035 878 2109 2871 1738 1523 1152 1035 1054 1601 1992 2167 1933
937 1718 4980 1035 859 2148 2871 1757 1523 1191 1015 1074 1601 1992 2167 1933
937 1738 4980 1015 878 2148 2890 1757 1542 1191 1035 1074 1601 2011 2167 1933
917 1738 4980 1015 878 2148 2890 1757 1503 1171 1015 1054 1621 2011 2167 1933
937 1718 4980 1035 859 2148 2871 1777 1523 1171 996 1074 1601 2011 2187 1933
898 1738 4980 1015 898 2109 2871 1757 1523 1171 1015 1074 1582 1992 2167 1933
937 1738 4960 1035 878 2148 2890 1757 1523 1171 1015 1074 1601 2011 2187 1933
917 1738 4980 1035 859 2148 2890 1757 1523 1191 1015 1054 2500 2500 2500 2500
898 1718 4960 1035 878 2128 2890 1757 1484 1191 1015 1054 1601 2011 2167 1933
957 1738 4960 1054 898 2128 2871 2500 2500 2500 2500 2500 2500 2500 2500 2500
898 1738 4980 1015 878 2148 2890 1777 1523 1191 1035 1054 1582 2011 2187 1953
917 1738 4960 1035 859 2128 2890 1757 1484 1191 1015 1074 1621 1992 2167 1933
917 1738 4960 1035 898 2148 2890 1757 1523 1171 1015 1074 1601 2011 2187 1953
957 1738 4960 1015 917 2148 2890 1757 1484 1171 1015 1074 1601 2011 2187 1933
937 1718 4980 1035 859 2109 2890 2500 2500 2500 2500 2500 2500 2500 2500 2500
2500 2500 2500 2500 2500 2500 2500 2500 2500 2500 2500 2500 2500 2500 2500 2500
917 1718 4980 1054 878 2148 2890 1757 1542 1171 996 1054 1582 2011 2187 1933
917 1718 2500 2500 2500 2500 2500 2500 2500 2500 2500 2500 2500 2500 2500 2500
957 1738 4980 1015 898 2148 2890 1757 1503 1171 1015 1054 1582 2011 2187 1953
957 1738 4980 1035 859 2148 2890 1796 1523 1191 1035 1074 1640 2050 2207 1953
937 1718 4960 1015 878 2128 2910 1757 1542 1191 1015 1074 1582 2011 2187 1933
917 1738 4980 1054 859 2128 2890 1757 1484 1171 1035 1054 1582 1992 2187 1953
917 1738 4980 1015 859 2148 2871 1757 1503 1171 1015 1074 1601 2011 2187 1953
917 1718 4960 1054 859 2148 2890 1757 1484 1171 1035 1054 1582 1992 2187 1933
937 1718 4980 1015 898 2148 2910 1757 1484 1191 1015 1054 1582 2011 2167 1933
957 1718 4960 1035 859 2109 2871 1777 1503 1191 1035 1074 1621 2011 2187 1933
957 1718 4960 1015 878 2148 2890 1777 1542 1171 1035 1074 1621 1992 2167 1933
937 1718 4980 1054 878 2128 2871 1777 1484 1171 1015 1054 1601 2011 2187 1933
957 1738 4980 1035 917 2148 2871 1757 1484 1171 1035 1035 1621 2011 2187 1933
917 1738 4980 1015 878 2148 2890 1757 1503 1191 1015 1074 1582 2011 2167 1933
937 1718 4980 1035 917 2128 2890 1777 1503 1171 1015 1054 1621 2011 2167 1933
937 1718 4980 1054 878 2148 2910 1796 1523 1171 1035 1074 1640 2050 2207 1953
937 1738 4980 1054 917 2148 2910 1757 1523 1191 1015 1074 1582 1992 2167 1933
937 1718 4980 1035 917 2128 2890 1757 1523 1171 1015 1074 1582 1992 2167 1933
898 1738 4980 1015 917 2128 2890 1757 1484 1132 1015 1074 1562 1972 2167 1914
898 1738 4980 1015 859 2128 2890 1757 1503 1171 1015 1074 1601 1992 2167 1933
937 1738 4980 1035 859 2148 2890 1738 1503 1171 996 1054 1562 1992 2167 1933
898 1738 4960 1035 878 2148 2890 1738 1484 1152 1015 1074 1582 1992 2167 1933
917 1738 4960 1054 917 2148 2890 1757 1503 1171 1015 1074 1601 2011 2167 1933
937 1718 4980 1035 859 2109 2890 1757 1484 1132 1015 1035 1601 1992 2167 1933
898 1718 4960 1035 878 2148 2871 1738 1503 1171 1015 1074 1582 1992 2167 1933
917 1718 4960 1015 859 2148 2890 1738 1523 1152 1035 1074 1582 1992 2167 1914
898 1718 4980 1035 878 2128 2871 1738 1484 1171 2500 2500 2500 2500 2500 2500
917 1718 4980 1015 859 2128 2871 1738 1503 1171 1015 1074 1601 2011 2187 1933
917 1738 4960 1035 898 2148 2871 1757 1523 1171 1015 1074 1601 2011 2187 1953
957 1738 4980 1054 859 2128 2871 1757 1503 1171 1015 1074 1601 2011 2167 1933
937 1718 4980 1035 878 2128 2871 1757 1523 1171 976 1054 1582 1992 2167 1933
957 1699 4980 1015 878 2128 2871 1757 1503 1152 1015 1074 1582 2011 2167 1933
898 1738 4980 1015 878 2148 2910 1757 1484 1191 1035 1054 1562 1992 2167 1933
2500 2500 2500 2500 2500 2500 2500 2500 2500 2500 2500 2500 2500 2500 2500 2500
898 1738 4980 1035 859 2109 2871 1757 1523 1191 1015 1074 1601 2011 2167 1933
957 1718 4980 1054 859 2109 2910 1757 1503 1171 1015 1074 1601 2011 2187 1953
898 1718 4980 1035 917 2109 2890 1757 1523 1191 976 1074 1601 2011 2167 1933
957 1718 4980 1015 917 2148 2890 1757 1484 1191 1015 1054 1601 2011 2167 1933
937 1718 4980 1035 859 2109 2910 1757 1523 1152 1015 1054 1601 1992 2167 1933
917 1718 4980 1015 859 2148 2871 1738 1503 1171 1015 1074 1601 2011 2167 1953
937 1718 4980 1035 878 2128 2871 1757 1503 1171 976 1054 1621 2011 2167 1914
898 1718 4980 1015 898 2148 2890 1757 1503 1152 976 1054 1601 1992 2167 1933
937 1738 4960 1015 859 2109 2890 1757 1503 1191 1035 1074 1582 2011 2167 1933
898 1718 4980 1054 859 2109 2890 1757 1523 1191 996 1054 1621 2011 2167 1933
937 1718 4980 1035 859 2148 2910 1738 1484 1191 1035 1074 1601 1992 2167 1933
917 1738 4980 1015 859 2128 2890 1757 1542 1152 1015 1054 1582 1992 2167 1933
898 1718 4980 1035 859 2128 2910 1757 1523 1191 1015 1054 1601 1992 2167 1933
917 1718 4980 1054 898 2148 2910 1757 1484 1171 1015 1074 1601 2011 2187 1933
937 1718 4980 1015 898 2148 2910 1757 1523 1171 996 1074 1601 2011 2187 1933
2500 2500 2500 2500 2500 2500 2500 2500 2500 2500 2500 2500 2500 2500 2500 2500
937 1718 4980 1035 917 2148 2890 1757 1503 1191 1035 1074 1582 2011 2187 1933
937 1718 4980 1054 878 2128 2910 1777 1484 1191 976 1054 1601 2011 2500 2500
917 1738 4980 1035 878 2148 2890 1777 1484 1191 1035 1074 1621 2031 2187 1933
917 1738 4980 1015 878 2148 2890 1777 1503 1171 1035 1054 1582 2011 2167 1933
937 1738 4960 1035 898 2148 2890 1757 1542 1191 1035 1074 1562 1992 2167 1914
917 1738 4980 1015 859 2109 2910 1777 1542 1171 1035 1054 1582 2011 2167 1933
898 1718 4980 1015 878 2128 2929 1777 1503 1191 1035 1074 1601 1992 2167 1933
2500 2500 4980 1015 859 2148 2929 1777 1503 1191 996 1054 1621 2011 2187 1933
937 1679 4960 1015 859 2148 2890 1757 1542 1191 1015 1074 1582 2011 2167 1933
917 1699 4960 1054 859 2128 2910 1757 1503 1171 1035 1054 1601 2011 2167 1933
937 1699 4980 1015 878 2128 2910 1757 1503 1171 1035 1054 1582 1992 2148 1953
917 1718 4980 1035 898 2128 2910 1777 1523 1191 1015 1074 1621 2031 2167 1953
937 1699 4960 1035 859 2128 2929 1777 1503 1132 1035 1074 1582 1992 2148 1933
898 1679 4960 1015 878 2109 2910 1757 1523 1191 1035 1035 1562 1992 2128 1933
957 1699 4980 1015 859 2128 2890 1757 1484 1191 996 1074 1542 1972 2128 1933
898 1699 4960 1035 898 2109 2890 1757 1523 1191 1035 1054 1562 1972 2109 1933
937 1660 4960 1015 878 2109 2890 1738 1523 1191 976 1054 1542 1953 2089 1933
898 1699 4980 1035 898 2128 2890 1757 1523 1171 976 1035 1542 1972 2089 1933
898 1679 4980 1035 898 2128 2890 1757 1503 1152 976 1054 1542 1953 2089 1933
898 1640 4960 1035 878 2109 2910 1757 1503 1171 1015 1074 1523 1953 2089 1933
917 1660 4980 1015 859 2128 2890 1738 1523 1152 996 1074 1523 1933 2070 1933
937 1679 4980 1035 878 2109 2890 1718 1484 1132 976 1054 1542 1914 2050 1914
937 1640 4980 1035 878 2109 2871 1738 1484 1152 976 1074 1523 1914 2050 1914
2500 2500 2500 2500 2500 2500 2500 2500 2500 2500 2500 2500 2500 2500 2500 2500
937 1640 4980 1015 878 2109 2890 1738 1484 1132 976 1074 1503 1914 2050 1933
917 1679 4960 1015 878 2128 2871 1718 1523 1132 976 1074 1503 1894 2031 1914
937 1660 4960 1015 859 2109 2890 1738 1503 1132 996 1074 1484 1894 2031 1894
937 1660 4980 1015 898 2089 2871 1718 1484 1152 976 1015 1484 1875 2011 1894
898 1640 4980 1035 878 2128 2890 1718 1523 1152 976 1074 1503 1875 2011 1894
937 1660 4980 1035 859 2109 2890 1718 1523 1152 996 1074 1503 1855 2011 1894
917 1660 4960 1035 878 2109 2871 1718 1503 1132 976 1054 1484 1855 2011 1894
898 1640 4980 1015 898 2089 2890 1718 1503 1132 976 1074 1484 1855 2011 1914
898 1660 4960 1035 878 2109 2871 1718 1503 1132 996 1074 1484 1855 2011 1894
898 1640 4980 1015 859 2109 2871 1718 1503 1132 976 1015 1484 1835 1992 1914
937 1660 4980 1035 859 2109 2871 1718 1484 1152 996 1015 1464 1835 1992 1894
898 1660 4960 1035 859 2500 2500 2500 2500 2500 2500 2500 2500 2500 2500 2500
937 1621 4980 1015 859 2089 2851 1718 1503 1152 976 1074 1464 1835 1972 1894
898 1621 4980 1015 859 2089 2851 1699 1484 1152 976 1015 1464 1855 1992 1894
917 1660 4980 1015 878 2089 2871 1699 1503 1152 976 1074 1464 1835 1972 1894
898 1640 4980 1015 878 2109 2871 1699 1503 1152 996 1035 1464 1816 1972 1894
937 1621 4980 1035 898 2109 2871 1699 1484 1152 976 1015 1484 1835 1992 1914
898 1601 4980 1015 898 2109 2871 1679 1503 1152 976 1035 1464 1816 1953 1894
937 1660 4960 1015 859 2109 2871 1699 1484 1132 976 1015 1464 1796 1972 1894
937 1601 4960 1015 898 2089 2832 1679 1484 1152 976 1015 1445 1796 1972 1914
898 1621 4980 1015 878 2089 2871 1679 1503 1132 957 1015 1445 1796 1972 1894
898 1621 4980 1015 878 2089 2851 1679 1484 1152 976 1015 1464 1796 1953 1894
898 1640 4980 1035 898 2109 2851 1699 1484 1152 996 1054 1503 1835 1992 1914
2500 2500 2500 2500 2500 2500 2500 2500 2500 2500 2500 2500 2500 2500 2500 2500
898 1601 4980 1015 917 2128 2851 1699 1523 1152 996 1074 1464 1816 1972 1894
898 1621 4980 1035 859 2109 2832 1699 1484 1152 976 1015 1445 1777 1972 1875
937 1621 4980 1015 859 2109 2832 1660 1484 1132 996 1015 1464 1777 1953 1894
898 1601 4960 1015 859 2089 2851 1679 1484 1113 996 1015 1464 1796 1972 1875
898 1621 4980 1015 859 2089 2851 1660 1503 1113 996 1035 1445 1777 1953 1875
898 1601 4980 1035 898 2089 2851 1660 1484 1132 976 1035 1464 1796 1972 1894
2500 2500 2500 2500 2500 2500 2500 2500 2500 2500 2500 2500 2500 2500 2500 2500
937 1601 4980 1035 859 2089 2832 1679 1503 1152 996 1054 1464 1777 1972 1894
898 1621 4980 1035 859 2089 2851 1660 1484 1152 957 1015 1464 1796 1972 1894
937 1621 4980 1015 859 2089 2851 1679 1484 1152 996 1015 1464 1777 1972 1894
917 1601 4960 1015 898 2089 2832 1660 1484 1113 976 1054 1425 1757 1972 1875
2500 2500 2500 2500 2500 2500 2500 2500 2500 2500 2500 2500 2500 2500 2500 2500
898 1582 4980 1015 859 2089 2832 1679 1484 1113 957 1035 1464 1777 1972 1894
937 1621 4980 1015 859 2089 2832 1660 1503 1152 976 1054 1406 1738 1953 1894
917 1621 4980 1015 878 2089 2851 1660 1484 1132 996 1035 1464 1757 1953 1894
2500 2500 2500 2500 2500 2500 2500 2500 2500 2500 2500 2500 2500 2500 2500 2500
937 1621 4960 1015 878 2070 2832 1660 1484 1113 996 1054 1425 1757 1953 1875
898 1621 4980 1015 878 2089 2832 1640 1503 1152 976 1015 1445 1757 1953 1855
898 1582 4980 1015 878 2089 2812 1640 1503 1113 976 1035 1445 1757 1953 1875
937 1582 4980 1015 878 2070 2851 1640 1484 1152 957 1015 1464 1738 1953 1894
898 1582 4980 1035 859 2070 2851 1640 1464 1113 996 1035 1445 1757 1953 1875
937 1601 4980 1015 878 2089 2832 1640 1484 1152 976 1015 1425 1757 1972 1875
937 1601 4980 976 859 2089 2832 1660 1484 1152 957 1035 1445 1738 1933 1875
2500 2500 2500 2500 2500 2500 2500 2500 2500 1113 957 1015 1464 1738 1953 1894
937 1621 4960 996 878 2089 2812 1660 1464 1132 957 1015 1445 1738 1953 1875
898 1582 4980 976 859 2089 2832 1640 1464 1152 996 1035 1406 1757 1933 1894
917 1601 4980 1015 859 2070 2812 1640 1503 1113 957 1035 1425 1738 1953 1855
2500 2500 2500 2500 2500 2500 2500 2500 2500 2500 2500 2500 2500 2500 2500 1875
937 1601 4980 1015 878 2070 2832 1640 1484 1152 996 1035 1445 1757 1933 1875
898 1582 4980 976 898 2070 2812 1621 1445 1113 937 1035 1406 1738 1933 1875
898 1601 4980 996 859 2050 2812 1640 1503 1152 976 1054 1445 1738 1933 1855
937 1562 4960 1035 878 2089 2832 1621 1503 1152 996 1054 1425 1738 1933 1875
917 1582 4980 996 878 2070 2832 1621 1445 1113 996 1015 1425 1718 1933 1855
898 1582 4980 1035 878 2070 2812 1601 1503 1132 957 1015 1406 1718 1953 1855
898 1562 4960 996 859 2089 2812 1621 1484 1113 996 1015 1445 1738 1933 1875
917 1582 2500 2500 2500 2500 2500 2500 2500 2500 2500 2500 2500 2500 2500 2500
937 1582 4980 1035 878 2050 2832 1621 1503 1152 957 1015 1425 1718 1933 1855
937 1562 4960 976 859 2070 2812 1621 1484 1152 957 1035 1406 1718 1933 1875
898 1601 4980 976 2500 2500 2500 2500 2500 2500 2500 2500 2500 2500 2500 2500
917 1582 4980 1035 878 2070 2812 1621 1484 1132 996 1015 1445 1718 1914 1875
898 1562 4980 1035 859 2089 2792 1621 1445 1113 996 1035 1425 1738 1933 1875
937 1582 4980 976 859 2070 2812 1621 1464 1152 996 1015 1445 1738 1933 1855
898 1562 4980 1015 859 2070 2832 1621 1464 1113 996 1035 1425 1738 1933 1855
898 1562 4980 996 859 2089 2812 1621 1503 1152 996 1035 1425 1718 1933 1875
917 1582 4980 1015 898 2070 2812 1601 1503 1152 976 1015 1425 1738 1933 1875
937 1582 4980 996 878 2070 2812 1621 1464 1152 976 1015 1445 1718 1933 1855
937 1542 4960 996 878 2050 2812 1621 2500 2500 2500 2500 2500 2500 2500 2500
898 1582 4980 1015 878 2070 2812 1621 1464 1093 996 1015 1406 1718 1933 1875
2500 1582 4980 1035 859 2050 2792 1601 1464 1113 996 1015 1406 1718 1933 1875
2500 2500 2500 2500 2500 2500 2500 1621 1445 1132 996 1015 1445 1718 1933 1855
917 1542 4980 996 878 2070 2812 1621 1484 1132 957 1035 1445 1699 1914 1875
917 1562 4980 976 859 2050 2812 1601 1445 1132 996 1015 1406 1699 1914 1855
898 1562 4980 1015 859 2070 2792 1601 1445 1113 996 1015 1425 1699 1933 1875
917 1582 4960 976 859 2050 2500 2500 2500 2500 2500 2500 2500 2500 2500 2500
898 1542 4960 976 898 2050 2812 1621 1484 1093 976 1015 1406 1699 1914 1875
2500 2500 2500 2500 2500 2500 2500 2500 2500 2500 2500 2500 2500 2500 2500 2500
898 1582 4980 976 878 2070 2792 1601 1464 1152 976 1015 1406 1699 1933 2500
898 1582 4980 1015 878 2070 2792 1621 1484 1113 996 1035 1425 1738 1933 1855
937 1582 4960 996 859 2070 2812 1601 1445 1132 957 1015 1406 1679 1933 1835
2500 2500 2500 2500 2500 2500 2500 2500 2500 2500 2500 2500 2500 2500 2500 2500
2500 2500 4980 996 859 2070 2792 1601 1464 1152 996 1015 1406 1699 1914 1855
2500 2500 4960 976 898 2050 2792 1601 1464 1132 976 1035 1406 1679 1933 1835
898 1582 4980 976 878 2070 2792 1601 1464 1093 996 1015 1425 1679 1933 1855
917 1542 4960 996 878 2050 2792 1582 1484 1113 976 1015 1406 1679 1914 1855
2500 1542 4980 996 859 2070 2812 1582 1464 1152 996 1015 1406 1699 1914 1835
2500 2500 2500 2500 2500 2500 2500 2500 2500 2500 2500 2500 2500 2500 2500 2500
2500 2500 2500 2500 2500 2070 2792 1601 1445 1132 996 1015 1425 1718 1933 1855
898 1562 4960 976 878 2050 2812 1621 1445 1152 996 1015 1425 1679 1933 1855
937 1542 4980 976 859 2031 2812 1601 1484 1093 957 1015 1425 1679 1933 1835
898 1542 4980 996 878 2070 2812 1562 1464 1132 957 1035 1406 1660 1933 1835
898 1542 4980 976 878 2050 2812 1582 1464 1093 957 1035 1406 1679 1914 1835
898 1542 4960 996 878 2050 2792 2500 2500 2500 2500 2500 2500 2500 2500 2500
898 1562 4960 996 859 2031 2792 1582 1464 1152 996 1015 1406 1699 1914 1855
898 1562 4980 996 859 2031 2792 1582 1464 1132 976 1015 1406 1679 1894 1835
898 1542 4980 996 859 2031 2812 1562 1464 1093 937 1015 1406 1699 1933 1855
917 1523 4980 996 859 2050 2792 1601 1445 1132 996 1015 1406 1679 1933 1835
2500 1523 4980 996 859 2050 2812 1562 1445 1113 937 996 1425 1699 1894 1855
2500 2500 2500 2500 2500 2500 2500 2500 2500 2500 2500 2500 2500 2500 2500 2500
917 1562 4980 1035 859 2050 2832 1601 1503 1152 1015 1015 1699 2050 1933 1835
898 1601 4980 1015 878 2050 2812 1601 1542 1152 1015 1054 1796 2167 1914 1835
2500 1621 4980 1035 878 2050 2832 1621 1523 1152 1035 1054 1933 2324 1914 1855
898 1640 4980 1035 859 2070 2832 1640 1562 1152 1015 1035 2011 2402 1933 1855
937 1660 4960 1054 859 2070 2832 1679 1562 1191 1035 1015 2070 2500 1933 1855
917 1699 4980 1074 898 2050 2851 1699 1582 1171 1015 1035 2148 2578 1953 1855
917 1738 4980 1093 878 2050 2851 1738 1562 1171 1035 1054 2167 2617 1953 1875
937 2500 2500 2500 2500 2500 2500 2500 2500 2500 2500 2500 2500 2500 2500 2500
957 1796 4980 1074 898 2050 2832 1757 1601 1191 1015 1054 2246 2695 1953 1855
957 1816 4980 1113 859 2050 2832 1796 1582 1191 1035 1074 2265 2734 1953 1875
2500 2500 4980 1113 878 2050 2871 1855 1582 1171 1035 1054 2324 2792 1992 1875
976 1875 4980 1093 898 2050 2871 1855 1601 1171 1035 1074 2304 2773 1972 1894
2500 2500 2500 2500 2500 2500 2500 2500 2500 2500 2500 2500 2500 2500 2500 2500
957 1953 4980 1113 859 2070 2851 1914 1621 1191 1035 1093 2343 2832 1992 1875
957 1992 2500 2500 2500 2500 2500 2500 2500 2500 2500 2500 2500 2500 2500 2500
2500 2500 2500 2500 2500 2500 2500 2500 2500 2500 2500 2500 2500 2500 1992 1894
2500 2500 2500 2500 2500 2500 2500 2500 2500 2500 2500 2500 2500 2500 2500 2500
957 2089 4980 1132 898 2070 2871 1972 1621 1210 1074 1093 2382 2871 1992 1894
2500 2500 2500 2500 2500 2500 2500 2500 2500 2500 2500 2500 2500 2500 2500 2500
2500 2500 2500 2500 2500 2500 2500 2500 2500 2500 2500 2500 2382 2871 2011 1894
976 2128 4980 1152 898 2050 2890 2011 1621 1191 1054 1093 2363 2851 1992 1914
996 2148 4960 1132 917 2050 2890 2031 1601 1210 1074 1093 2382 2871 2011 1894
2500 2500 2500 2500 2500 2500 2500 2500 2500 2500 2500 2500 2500 2500 2500 2500
996 2167 4980 1152 898 2070 2871 2050 1601 1191 1074 1113 2382 2871 2011 1914
2500 2500 2500 2500 2500 2500 2500 2500 2500 1230 1074 1113 2402 2890 2011 1914
976 2207 4960 1132 898 2050 2871 2500 2500 2500 2500 2500 2500 2500 2500 2500
2500 2500 2500 2500 898 2050 2890 2050 1621 1210 1074 1113 2402 2890 2011 1914
2500 2500 2500 2500 2500 2500 2500 2070 1601 1230 1054 1113 2402 2890 2031 1914
2500 2500 2500 2500 2500 2500 2500 2500 2500 1210 1054 1113 2382 2890 2011 1914
2500 2500 2500 2500 2500 2500 2500 2500 2500 2500 2500 2500 2500 2500 2500 2500
976 2246 4980 1152 917 2070 2890 2070 1621 1191 1074 1093 2402 2890 2011 1914
996 2265 4980 1132 937 2031 2890 2070 1621 1210 1035 1113 2402 2871 2011 1914
996 2246 4980 1152 917 2050 2871 2070 1621 1210 1054 1132 2402 2890 2011 1914
2500 2265 4960 1132 898 2050 2890 2070 1640 1191 1054 1093 2402 2890 2011 1933
996 2265 4980 1152 937 2070 2890 2070 1640 1210 1074 1132 2402 2890 2011 1933
2500 2500 2500 2500 2500 2500 2500 2500 2500 2500 2500 1132 2421 2910 2050 1933
2500 2500 2500 2500 2500 2500 2500 2500 2500 2500 2500 2500 2500 2500 2500 2500
2500 2500 2500 2500 2500 2500 2500 2500 2500 2500 2500 2500 2500 2500 2500 2500
996 2285 4980 1132 917 2070 2910 2070 1621 1210 1054 1132 2382 2871 2031 1933
976 2285 4960 1132 898 2070 2890 2070 1660 1210 1074 1113 2402 2890 2031 1933
996 2324 4980 1132 917 2070 2890 2070 1640 1210 1054 1113 2402 2871 2031 1933
996 2324 4980 1132 917 2050 2910 2089 1640 1210 1054 1093 2402 2890 2050 1933
996 2324 4980 1132 917 2070 2910 2089 1621 1210 1054 1132 2402 2890 2031 1914
976 2304 4980 1152 937 2070 2910 2089 1621 1210 1074 1152 2402 2871 2031 1933
2500 2500 2500 2500 2500 2500 2500 2500 2500 2500 2500 1152 2402 2890 2050 2500
976 2343 4960 1152 898 2070 2910 2089 1601 1250 1054 1113 2402 2871 2050 1933
976 2324 4980 1132 917 2050 2910 2089 1601 1210 1074 1113 2402 2871 2050 1933
996 2343 4980 1152 898 2070 2910 2089 1621 1210 1074 1113 2402 2871 2031 1933
976 2343 4980 1152 917 2050 2929 2089 1640 1230 1074 1113 2402 2871 2031 2500
996 2343 4980 1152 898 2070 2929 2089 1660 1210 1054 1132 2402 2871 2050 1933
996 2343 4980 1152 917 2070 2910 2089 1640 1250 1074 1132 2402 2871 2031 1953
2500 2500 4960 1152 898 2070 2910 2089 1621 1250 1054 1113 2402 2871 2050 1933
996 2363 4960 1132 937 2070 2910 2089 1601 1210 1054 1152 2402 2871 2050 1933
2500 2363 4980 1152 917 2089 2910 2089 1660 1250 1074 1113 2402 2871 2050 1933
996 2500 2500 2500 2500 2500 2500 2500 2500 2500 2500 2500 2500 2500 2500 2500
996 2363 4980 1152 937 2070 2910 2089 1640 1250 1054 1132 2402 2871 2050 1933
996 2343 4980 1132 937 2050 2929 2089 1640 1250 1074 1132 2402 2871 2050 1933
996 2363 4960 1132 917 2070 2929 2089 1640 1210 1074 1113 2402 2871 2050 1953
996 2363 4980 1152 917 2070 2929 2109 1640 1230 1074 1132 2421 2890 2050 1953
1035 2382 4980 1132 898 2089 2910 2109 1621 1250 1074 1132 2421 2890 2070 1953
1035 2382 4980 1171 898 2070 2910 2109 1660 1210 1054 1132 2421 2890 2070 1972
1035 2363 4980 1152 937 2070 2929 2128 1640 1250 1074 1132 2402 2871 2070 1953
1035 2382 4980 1171 917 2089 2949 2128 1640 1250 1074 1132 2402 2851 2089 1953
1035 2363 4980 1132 917 2089 2910 2128 1640 1210 1093 1132 2421 2871 2070 1953
1035 2382 4980 1191 917 2070 2929 2128 1660 1210 1093 1132 2421 2871 2089 1972
1015 2343 4980 1191 937 2070 2949 2128 1660 1250 1054 1152 2421 2851 2089 1972
1015 2382 4980 1191 937 2109 2968 2148 1640 1210 1093 1132 2421 2851 2128 1972
1035 2363 4980 1191 917 2089 2929 2128 1640 1230 1074 1152 2382 2832 2109 1972
1035 2343 4980 1191 917 2089 2929 2128 1640 1230 1054 1113 2363 2792 2109 1972
1035 2324 4960 1132 957 2089 2949 2128 1621 1210 1074 1152 2324 2753 2089 1972
1015 2304 4980 1171 917 2089 2949 2109 1660 1230 1035 1113 2285 2714 2089 1972
996 2304 4980 1152 917 2089 2949 2089 1601 1191 1054 1132 2265 2695 2070 1972
976 2304 4960 1152 957 2070 2929 2089 1621 1191 1035 1093 2226 2636 2070 1953
1015 2265 4980 1132 898 2070 2910 2070 1621 1230 1035 1113 2187 2597 2070 1972
996 2246 4980 1132 917 2070 2910 2070 1621 1210 1015 1113 2148 2558 2050 1972
996 2246 4980 1132 898 2089 2929 2050 1621 1171 1054 1093 2109 2519 2070 1953
976 2500 2500 2500 2500 2500 2500 2500 2500 2500 2500 2500 2500 2500 2500 2500
996 2207 4980 1132 937 2089 2910 2031 1601 1191 1054 1093 2050 2460 2050 1972
996 2187 4960 1152 898 2070 2890 2011 1621 1171 1054 1074 2011 2402 2031 1972
996 2187 4960 1113 917 2089 2910 1992 1601 1210 1054 1054 2011 2382 2031 1953
996 2187 4960 1132 937 2089 2910 1972 1562 1171 1015 1074 1972 2343 2031 1972
996 2167 4980 1113 917 2089 2910 1972 1601 1191 1015 1074 1953 2304 2011 1953
957 2167 4980 1152 937 2070 2890 1972 1562 1171 1035 1074 1933 2304 2011 1953
996 2148 4980 1093 917 2070 2890 1953 1562 1191 1015 1074 1914 2265 2011 1972
957 2148 4960 1093 917 2050 2871 1953 1562 1171 1035 1074 1894 2246 2011 1972
996 2109 4980 1113 937 2070 2871 1933 1582 1171 1035 1054 1894 2226 1992 1953
957 2109 4960 1132 898 2070 2871 1933 1562 1171 1015 1074 1894 2207 1992 1933
996 2128 4980 1093 898 2089 2890 1914 1562 1152 976 1074 1855 2187 1992 1953
937 2089 4960 1113 2500 2500 2500 2500 2500 2500 2500 2500 2500 2500 2500 2500
937 2070 4980 1113 937 2089 2890 1894 1542 1152 1015 1074 1816 2148 1992 1953
937 2070 4980 1113 937 2089 2851 1894 1542 1171 1015 1035 1816 2109 1972 1933
996 2050 4980 1093 917 2089 2871 1894 1562 1152 996 1074 1796 2089 1972 1933
2500 2070 4980 1093 898 2070 2871 1875 1542 1171 976 1035 1796 2070 1972 1933
957 2031 4980 1093 937 2089 2871 1855 1523 1152 976 1054 1757 2050 1972 1933
2500 2050 4980 1093 898 2070 2871 1855 1562 1152 1015 1035 1777 2050 1972 1953
2500 2500 2500 2500 2500 2500 2500 2500 2500 2500 2500 2500 2500 2031 1972 1933
937 1992 4980 1113 937 2070 2871 1855 1523 1132 976 1074 1738 2031 1953 1914
937 2011 4980 1074 898 2050 2871 1855 1542 1152 996 1074 1738 2011 1953 1933
937 2011 4980 1093 917 2089 2851 1835 1542 1152 976 1074 1738 1992 1972 1914
957 2011 4980 1093 917 2070 2851 1855 1542 1132 996 1035 1757 2011 1972 1933
2500 2500 2500 2500 2500 2500 2500 2500 2500 2500 2500 2500 2500 2500 2500 2500
2500 2500 2500 1093 917 2070 2832 1816 1523 1132 996 1035 1718 1953 1953 1933
937 1992 4980 1074 898 2070 2851 1816 1542 1152 976 1015 1679 1933 1933 1914
917 1953 4980 1054 898 2050 2851 1816 1523 1132 996 1015 1699 1933 1933 1914
937 1953 4960 1074 898 2050 2832 1816 1503 1113 996 1035 1699 1933 1933 1914
917 1953 4980 1074 917 2050 2832 1796 1542 1113 996 1035 1699 1933 1933 1914
957 1972 4980 1054 878 2050 2851 1796 1542 1132 996 1015 1679 1933 1933 1914
917 1953 4960 1074 917 2070 2832 1777 1503 1113 957 1015 1699 1914 1933 1914
917 1933 4960 1074 898 2070 2832 1777 1484 1113 996 1015 1699 1914 1933 1933
917 1933 4980 1074 898 2050 2851 1777 1523 1152 976 1035 1699 1894 1933 1914
917 1933 4980 1054 878 2050 2832 1777 1484 1113 996 1015 1679 1894 1933 2500
937 1914 4960 1054 898 2050 2832 1757 1503 1113 957 1015 1679 1875 1933 1914
957 1933 4980 1074 917 2031 2812 1757 1523 1152 957 1054 1660 1875 1933 1894
937 1933 4980 1054 898 2070 2832 1757 1542 1132 996 1035 1660 1875 1933 1914
957 1914 4960 1074 898 2050 2832 1777 1484 1132 996 1015 1660 1875 1933 1894
2500 2500 4980 1074 917 2070 2832 1777 1542 1152 996 1054 1640 1875 1933 1914
2500 2500 2500 2500 2500 2500 2500 2500 2500 2500 2500 2500 2500 2500 2500 2500
